SSE: 87676.52196610117
Silhuet: 18469.650908938653
