SSE: 1475.204545454545
Silhuet: 101.21456611570245
